ALGO = Fast
DIPOL = 0.37555500250565294 0.2666500751695831 0.25114130344658214
EDIFF = 1e-05
EDIFFG = -0.05
ENCUT = 500
GGA = Rp
IBRION = 2
ICHARG = 2
IDIPOL = 3
ISIF = 2
ISMEAR = 0
ISPIN = 2
LCHARG = False
LDIPOL = True
LREAL = Auto
LWAVE = False
MAGMOM = 203*0.6
NELM = 60
NELMIN = 4
NPAR = 4
NSW = 500
PREC = Normal
SIGMA = 0.05
